1
     Seg_#     Arr_time     Del_Time    Stall_Dur    Rep_Level     Del_Rate     Act_Rate    Byte_Size   Buff_Level      Algorithm   Seg_Dur   Codec   Width   Height     FPS   Play_Pos        RTT   Seg_Repl   Protocol     P.1203       Clae         Duanmu            Yin             Yu
         1          816          814            0          237           41           16         4237         2000            bba      2000    h264     320      180      24          0    801.640         no   HTTP/1.1      1.871      0.000         51.063      -5762.475          0.238
         2        19131         1518            0          237           16           12         3221         4000            bba      2000    h264     320      180      24       2000     16.001         no   HTTP/1.1      1.871      0.483         46.463     -11524.950          0.238
         3        35406           30        12275          237         1910           28         7165         2000            bba      2000    h264     320      180      24       4000     11.869         no   HTTP/1.1      1.307      0.483        219.847      37537.575        -19.772
         4        59324         1857        21917          377           26           25         6250         2000            bba      2000    h264     384      216      24       6000   1845.018         no   HTTP/1.1      1.218      0.419        368.781     103526.100        -19.732
         5        89499         9411        28174          377          129          610       152641         2000            bba      2000    h264     384      216      24       8000    225.795         no   HTTP/1.1      1.214      0.437        400.721     151600.854        -19.710
         6        92800          169         1301          237         6354          536       134235         2000            bba      2000    h264     320      180      24      10000     39.856         no   HTTP/1.1      1.215      0.431        213.422      89850.150        -19.724
         7       110824           36        16023          377        43557          784       196010         2000            bba      2000    h264     384      216      24      12000     16.186         no   HTTP/1.1      1.215      0.445        128.549      53634.675        -19.719
         8       119226         1046         6401          563         2170         1135       283756         2000            bba      2000    h264     512      288      24      14000   1022.433         no   HTTP/1.1      1.247      0.423        137.719      69312.429        -19.683
         9       124018          610         2792          563         2781          848       212081         2000            bba      2000    h264     512      288      24      16000     17.264         no   HTTP/1.1      1.251      0.431         79.865      30182.503        -19.683
        10       125323          193            0          563         4316          416       104135         2695            bba      2000    h264     512      288      24      18000     24.951         no   HTTP/1.1      1.255      0.445         56.663      11542.577        -19.767
        11       126559          135            0          752         8436          569       142372         3459            bba      2000    h264     512      288      24      20000     14.478         no   HTTP/1.1      1.262      0.437         47.791       3729.651          0.411
        12       130412          334          393         1063         4869          813       203301         2000            bba      2000    h264     640      360      24      22000     10.993         no   HTTP/1.1      1.269      0.390         49.199       5661.559        -20.835
        13       131791          412            0         1063         5474         1127       281961         2621            bba      2000    h264     640      360      24      24000      9.256         no   HTTP/1.1      1.293      0.387         49.461       6725.370        -20.905
        14       137043          697         2631         1063         3494         1217       304428         2000            bba      2000    h264     640      360      24      26000     11.152         no   HTTP/1.1      1.310      0.400         54.505      14503.181        -19.664
        15       139135          881           91         1063         2642         1164       291007         2000            bba      2000    h264     640      360      24      28000     13.810         no   HTTP/1.1      1.330      0.420         54.519      15839.992        -19.638
        16       147476         7322         6340         1063          359         1317       329423         2000            bba      2000    h264     640      360      24      30000     15.039         no   HTTP/1.1      1.340      0.444         61.348      28030.803        -19.485
        17       148766           61            0          237         8714          265        66450         2710            bba      2000    h264     320      180      24      32000     13.813         no   HTTP/1.1      1.329      0.412         60.593      27169.042        -19.515
        18       154819          111         3342          377         5850          324        81176         2000            bba      2000    h264     384      216      24      34000     93.824         no   HTTP/1.1      1.310      0.406         54.603      18412.567        -19.637
        19       158357           95         1538          563         9784          464       116187         2000            bba      2000    h264     512      288      24      36000     11.612         no   HTTP/1.1      1.286      0.420         56.696      23404.321        -19.577
        20       161859          307         1501          752         4919          755       188776         2000            bba      2000    h264     512      288      24      38000     15.677         no   HTTP/1.1      1.281      0.442         53.611      18444.395        -19.678
        21       164274          665          415          752         4744         1577       394374         2000            bba      2000    h264     512      288      24      40000     15.467         no   HTTP/1.1      1.273      0.461         51.854      15828.303        -19.852
        22       165340           33            0          752        48756          804       201120         2934            bba      2000    h264     512      288      24      42000     16.464         no   HTTP/1.1      1.277      0.480         49.768      12078.211        -21.768
        23       166631          115            0         1063        20230         1163       290812         3644            bba      2000    h264     640      360      24      44000     13.074         no   HTTP/1.1      1.284      0.494         49.342      11586.119          0.624
        24       168009          286            0         1786        20351         2910       727578         4266            bba      2000    h264     736      414      24      46000     13.335         no   HTTP/1.1      1.310      0.444         49.708      12649.930          0.672
        25       169276          192            0         1786        27702         2659       664861         5000            bba      2000    h264     736      414      24      48000     14.220         no   HTTP/1.1      1.323      0.422         50.020      14435.937          0.717
        26       170552          174            0         2375        31687         2756       689204         5724            bba      2000    h264    1280      720      24      50000     13.192         no   HTTP/1.1      1.357      0.351         50.483      16221.944          0.781
        27       171928          293            0         3031        18806         2755       688779         6349            bba      2000    h264    1280      720      24      52000     20.674         no   HTTP/1.1      1.407      0.237         51.084      18597.679          0.864
        28       173320          290            0         3031        16208         2350       587570         6957            bba      2000    h264    1280      720      24      54000     10.912         no   HTTP/1.1      1.480      0.179         51.625      21629.322          0.941
        29       174625          189            0         3031        21140         1997       499451         7653            bba      2000    h264    1280      720      24      56000     13.074         no   HTTP/1.1      1.486      0.153         52.130      24660.965          1.013
        30       175873           51            0         3856       103230         2632       658097         8405            bba      2000    h264    1920     1080      24      58000     11.874         no   HTTP/1.1      1.619      0.074         52.816      27692.608          1.108
        31       177167          142            0         4306        22267         1581       395250         9112            bba      2000    h264    1920     1080      24      60000     11.423         no   HTTP/1.1      1.667      0.000         53.542      31548.762          1.211
        32       178809          453            0         4306         6403         1450       362610         9471            bba      2000    h264    1920     1080      24      62000     10.670         no   HTTP/1.1      1.673      0.000         54.219      35855.023          1.308
        33       180047          100            0         4306        16488          824       206107        10233            bba      2000    h264    1920     1080      24      64000     10.781         no   HTTP/1.1      1.686      0.000         54.855      40161.284          1.399
        34       181263           41            0         4306         9530          195        48842        11018            bba      2000    h264    1920     1080      24      66000     12.238         no   HTTP/1.1      1.692      0.000         55.453      44467.545          1.484
        35       182534          103            0         4306        14305          736       184182        11747            bba      2000    h264    1920     1080      24      68000     12.992         no   HTTP/1.1      1.712      0.000         56.018      48773.806          1.565
        36       184057          357            0         4306        22694         4051      1012750        12225            bba      2000    h264    1920     1080      24      70000     15.267         no   HTTP/1.1      1.741      0.000         56.551      53080.067          1.641
        37       185315           43            0         4306       213662         4593      1148434        12967            bba      2000    h264    1920     1080      24      72000     11.384         no   HTTP/1.1      1.746      0.002         57.055      57386.328          1.713
        38       187204          678            0         4306        16333         5536      1384235        13079            bba      2000    h264    1920     1080      24      74000     12.172         no   HTTP/1.1      1.772      0.036         57.533      61692.589          1.781
        39       188460           68            0         4306       227129         7722      1930602        13823            bba      2000    h264    1920     1080      24      76000     14.331         no   HTTP/1.1      1.777      0.074         57.986      65998.850          1.846
        40       190596          905            0         4306        15989         7235      1808787        13688            bba      2000    h264    1920     1080      24      78000     10.744         no   HTTP/1.1      1.781      0.115         58.416      70305.111          1.908
        41       192415          586            0         4306        15261         4471      1117870        13870            bba      2000    h264    1920     1080      24      80000     12.539         no   HTTP/1.1      1.786      0.158         58.826      74611.372          1.966
        42       193796          141            0         4306        57685         4066      1016705        14489            bba      2000    h264    1920     1080      24      82000     12.222         no   HTTP/1.1      1.790      0.202         59.216      78917.633          2.022
        43       195883          858            0         4306        11616         4983      1245837        14402            bba      2000    h264    1920     1080      24      84000     16.677         no   HTTP/1.1      1.795      0.247         59.588      83223.894          2.075
        44       197969          673            0         4306        17638         5935      1483870        14317            bba      2000    h264    1920     1080      24      86000     12.388         no   HTTP/1.1      1.805      0.293         59.943      87530.155          2.126
        45       200067          758            0         4306        15371         5825      1456429        14219            bba      2000    h264    1920     1080      24      88000     12.864         no   HTTP/1.1      1.806      0.339         60.282      91836.416          2.174
        46       202157          800            0         4306        16046         6418      1604669        14130            bba      2000    h264    1920     1080      24      90000     15.436         no   HTTP/1.1      1.830      0.386         60.606      96142.677          2.221
        47       203925          413            0         4306        11347         2343       585794        14362            bba      2000    h264    1920     1080      24      92000     17.431         no   HTTP/1.1      1.834      0.432         60.917     100448.938          2.265
        48       205331           73            0         4306        85730         3129       782288        14957            bba      2000    h264    1920     1080      24      94000     13.054         no   HTTP/1.1      1.838      0.478         61.215     104755.199          2.307
        49       207407          740            0         4306         9997         3699       924775        14881            bba      2000    h264    1920     1080      24      96000     11.158         no   HTTP/1.1      1.842      0.524         61.500     109061.460          2.348
        50       209165          444            0         4306        17088         3793       948395        15123            bba      2000    h264    1920     1080      24      98000     11.797         no   HTTP/1.1      1.852      0.569         61.774     113367.721          2.387
        51       210566          115            0         4306        64729         3721       930493        15723            bba      2000    h264    1920     1080      24     100000     14.085         no   HTTP/1.1      1.856      0.614         62.038     117673.982          2.425
        52       212456          550            0         4306        13280         3652       913006        15833            bba      2000    h264    1920     1080      24     102000     12.873         no   HTTP/1.1      1.869      0.659         62.291     121980.243          2.461
        53       214205          396            0         4306        21044         4166      1041692        16084            bba      2000    h264    1920     1080      24     104000     12.172         no   HTTP/1.1      1.875      0.702         62.535     126286.504          2.496
        54       215786          252            0         4306        49174         6196      1549006        16504            bba      2000    h264    1920     1080      24     106000     21.171         no   HTTP/1.1      1.885      0.746         62.769     130592.765          2.530
        55       217628          472            0         4306        21463         5065      1266321        16663            bba      2000    h264    1920     1080      24     108000     11.815         no   HTTP/1.1      1.889      0.788         62.995     134899.026          2.562
        56       219532          556            0         4306        19496         5419      1354992        16759            bba      2000    h264    1920     1080      24     110000    246.153         no   HTTP/1.1      1.892      0.830         63.213     139205.287          2.593
        57       221063           64            0         4306       160495         5135      1283965        17228            bba      2000    h264    1920     1080      24     112000     10.900         no   HTTP/1.1      1.896      0.872         63.424     143511.548          2.623
        58       223155          620            0         4306        20309         6295      1573952        17137            bba      2000    h264    1920     1080      24     114000     13.157         no   HTTP/1.1      1.899      0.913         63.627     147817.809          2.652
        59       225277          283            0         4306        26268         3716       929249        17015            bba      2000    h264    1920     1080      24     116000     13.735         no   HTTP/1.1      1.902      0.953         63.823     152124.070          2.680
        60       227077          194            0         4306        23366         2266       566633        17215            bba      2000    h264    1920     1080      24     118000     13.077         no   HTTP/1.1      1.901      0.992         64.013     156430.331          2.707
        61       228523           48            0         4306       162818         3907       976911        17770            bba      2000    h264    1920     1080      24     120000     12.990         no   HTTP/1.1      1.905      1.031         64.196     160736.592          2.733
        62       230321          326            0         4306        25353         4132      1033158        17972            bba      2000    h264    1920     1080      24     122000     13.778         no   HTTP/1.1      1.905      1.069         64.374     165042.853          2.759
        63       232137          383            0         4306        25327         4850      1212566        18157            bba      2000    h264    1920     1080      24     124000     10.324         no   HTTP/1.1      1.908      1.106         64.546     169349.114          2.783
        64       233757          139            0         4306        63029         4380      1095145        18537            bba      2000    h264    1920     1080      24     126000     16.403         no   HTTP/1.1      1.911      1.143         64.713     173655.375          2.807
        65       235574          325            0         4306        23246         3777       944389        18721            bba      2000    h264    1920     1080      24     128000     12.310         no   HTTP/1.1      1.913      1.179         64.874     177961.636          2.830
        66       237408          361            0         4306        21860         3945       986439        18887            bba      2000    h264    1920     1080      24     130000     12.158         no   HTTP/1.1      1.916      1.215         65.031     182267.897          2.853
        67       239014          175            0         4306        31656         2769       692489        19282            bba      2000    h264    1920     1080      24     132000     23.345         no   HTTP/1.1      1.919      1.250         65.182     186574.158          2.874
        68       241093          619            0         4306         9657         2989       747265        19203            bba      2000    h264    1920     1080      24     134000     10.482         no   HTTP/1.1      1.922      1.284         65.330     190880.419          2.895
        69       243189          554            0         4306        10353         2867       716987        19108            bba      2000    h264    1920     1080      24     136000     13.080         no   HTTP/1.1      1.936      1.318         65.473     195186.680          2.916
        70       245273          601            0         4306         9695         2913       728350        19024            bba      2000    h264    1920     1080      24     138000     13.408         no   HTTP/1.1      1.939      1.351         65.612     199492.941          2.936
